6372
8584
654
436
8709
3324
8502
5486
6779
2160
4704
1793
3677
7468
7406
9696
1369
6582
1804
901
4006
8933
4805
2547
2415
4408
7875
3292
6061
693
9105
9357
5839
6509
3515
4063
176
7385
5259
9941
1903
4230
1515
7380
226
5
5019
8637
1085
3372
4096
1828
4354
7044
172
4601
835
5782
5427
8110
123
9032
4353
2368
5425
4807
3989
5953
2020
1829
4449
1830
5741
6196
8889
2099
1344
287
8812
7713
8503
2951
7742
7191
4183
7347
5370
5678
3604
1249
5251
9365
9691
5378
3075
1745
933
959
4662
6718
942
4384
8772
8423
9366
2595
3900
2336
7909
25
2201
7278
1881
1560
482
1134
7439
6524
998
4004
7530
7886
9602
7049
4299
3483
9440
9645
5869
9727
4026
6550
8022
833
763
643
2438
9509
9985
3244
2947
8981
3825
5886
322
8557
2159
9853
4073
1151
7267
4757
3530
4091
8384
8129
7993
8343
2856
2884
5072
8838
4663
9169
3681
3590
7917
1162
1852
5824
464
3399
5698
8607
7438
8127
8614
7736
447
8989
7362
8986
7208
999
5870
8872
8703
216
2164
4038
7791
9623
7138
7394
3861
6175
2341
8007
4652
3895
1485
8295
5466
3038
3816
4089
4583
3127
8740
9954
334
8521
3766
349
3200
2894
888
5045
6671
8226
1008
8203
7419
8552
1907
3917
6300
5578
1303
8112
3406
5346
9231
5035
1473
9782
361
4929
7632
1655
5397
170
8607
8119
2849
2601
217
8138
7359
3108
3802
9721
7718
5755
1714
9546
3917
8086
6799
6219
4185
737
679
8232
7616
7634
9128
9930
8223
5218
1328
3309
2991
5763
4148
2484
1924
2318
5105
8976
1417
367
874
3692
6146
8873
4457
4310
4727
7256
5209
7377
3187
1531
6306
1082
3872
4003
533
6936
8090
8811
5580
1911
498
4911
3302
2178
2859
5741
9852
1394
5983
3587
5803
3249
8892
8167
8090
7826
6356
7305
4969
1271
2634
4837
1704
3547
6460
2924
6851
4343
6888
6159
2298
7806
372
5040
6047
1174
4910
9739
4960
512
1459
2927
9329
4309
9141
9923
6091
6103
1325
191
4541
3341
7253
84
7827
6853
6976
6034
6468
6134
3060
449
8706
2845
9660
1405
6077
5559
1662
269
9994
4751
4366
3882
2007
1685
9737
8128
9793
2368
3764
7392
2589
7605
566
4295
3664
2541
5427
7624
2557
5965
9216
6684
3579
2974
3137
6097
3935
3152
1232
8092
9618
9816
8773
7869
2763
6043
2222
5243
4655
9778
8116
4017
733
597
6337
3881
2744
4916
4897
4412
126
7818
7399
5969
6089
4040
948
1727
4022
7056
8819
1160
6483
2305
3684
4403
3196
7557
8504
3860
3129
5144
9534
1250
4837
9007
644
711
8319
8569
1648
3219
9028
7899
3323
8551
4383
361
7121
2202
8367
9275
3126
8099
1196
3921
4244
7050
2469
9243
3169
811
9800
7899
7487
5142
3782
2903
9878
3954
2014
2703
7063
8100
6103
9947
6817
5362
2989
7845
1268
5369
2177
2310
2839
4201
9452
121
3104
2570
4203
2052
5708
3310
8224
4010
6084
8285
5339
5565
6414
4238
5460
5231
4250
1496
2876
7437
7336
9588
8483
5228
9023
9008
1689
4737
7762
3806
9244
922
5424
3704
9515
153
2631
6467
6706
5007
1981
6924
4608
2151
3124
8182
2233
1140
9370
6598
7090
9670
6821
4532
7057
4338
4029
4507
9842
8258
2944
1050
6468
4922
1077
7678
7111
5520
3117
906
165
4419
8669
4979
538
843
3050
4304
5317
9366
2058
6617
2723
9469
1665
7580
9301
9120
189
7533
9207
1648
9712
4059
8374
7373
424
7337
6364
4126
5697
9412
1863
3438
8947
3583
3185
2582
8672
8483
1747
2901
669
9871
7653
1030
7948
9592
7143
6743
3989
4822
1913
2938
5167
8303
1091
4998
3648
1891
3618
3520
7117
3205
5097
4584
2431
6883
7068
7484
4999
9274
6993
8806
5372
100
4095
453
8906
8494
1229
9554
5748
855
9338
9837
3509
1632
5620
574
7479
5430
3158
3793
6488
5665
8425
6147
1518
8664
6575
560
167
848
7754
225
2787
3203
653
9709
683
7079
8298
8052
4473
9717
6323
9405
8662
7311
1374
1007
9628
5639
9393
4294
6244
2552
4783
3940
7557
4380
8434
7911
7387
1806
9045
5805
8025
3354
1863
4438
3861
1798
3660
7142
427
8372
8683
8363
5632
8151
147
4606
8446
6173
8775
2032
5289
4854
723
8965
3431
6159
1028
5625
3368
6170
970
3142
7252
2709
2309
1276
2023
9198
4711
9603
6768
3691
4470
2550
2506
3728
2563
9862
3649
9499
8459
2241
9898
5242
8900
1590
6812
3592
6389
4515
8263
4998
9604
1714
683
7894
4435
7056
5370
4813
3031
9737
3520
6419
2885
7138
7443
297
2381
5669
5294
2799
4244
1789
547
3521
1061
2286
9432
6920
4605
1525
9808
387
7669
7474
211
2206
1708
5908
6244
3822
5673
9729
8310
4730
3310
532
9785
6540
3035
4871
9817
8671
9738
6141
9626
2080
2356
1785
3331
8498
1914
8230
613
644
6432
5847
4921
7690
5090
1363
3733
6939
7252
3099
3156
7932
2637
7116
6673
665
8440
5305
1277
8727
3384
6327
9012
3693
6763
728
1847
586
226
8360
5513
9516
8657
9129
6114
199
7149
4032
9238
1562
8880
671
5650
1906
7377
6847
6927
7871
335
4229
9521
4046
1832
5301
5265
8481
9803
5984
2190
3697
8979
1597
4556
4931
1784
5548
4962
9514
2870
5096
7432
2978
9412
4638
5511
2438
4924
780
2072
2404
6913
6582
6095
703
4256
5461
5129
2172
5269
2042
8938
6265
4475
8705
2700
1456
9700
8179
7792
5223
4427
6756
4667
72
2531
8194
7541
6448
2298
1921
814
8597
7008
8585
7330
1936
3067
7634
159
8424
3324
6479
8793
3761
481
5031
9993
7849
6486
9545
6376
4278
8198
1473
3828
3016
1196
3040
9029
7312
257
7826
6943
1182
8237
2727
4449
3930
3663
5776
1577
1113
211
2438
6334
5259
5794
3817
1487
7148
4752
6111